1A0-1a:1:[]
2A0-2a:2:[[0,1,1,1]]
2B0-2a:2:[[0,1,1,0]]
2C0-2a:2:[]
3A0-3a:3:[[0,1,2,0],[1,1,1,2],[1,0,0,2]]
3B0-3a:3:[[0,1,2,1],[1,2,0,2]]
3C0-3a:3:[[0,1,2,0],[1,0,0,2]]
3D0-3a:3:[[2,0,0,2],[1,0,0,2]]
2A0-4a:4:[[1,2,0,1],[1,1,1,2],[1,1,0,3]]
4A0-4a:4:[[1,1,1,2],[0,1,3,0],[1,1,0,3]]
2C0-4a:4:[[1,2,0,1],[3,0,0,3],[1,0,2,1],[1,1,0,3]]
4B0-4a:4:[[3,0,0,3],[0,1,3,2],[1,0,0,3]]
4B0-4b:4:[[3,0,0,3],[0,1,3,2],[1,2,0,3]]
4C0-4a:4:[[1,2,2,1],[0,1,3,0],[1,0,0,3]]
4C0-4b:4:[[1,2,2,1],[0,1,3,0],[1,2,0,3]]
4D0-4a:4:[[2,1,1,3],[1,1,0,3]]
4E0-4a:4:[[3,0,0,3],[1,2,2,1],[0,1,1,0]]
4E0-4b:4:[[3,0,0,3],[1,2,2,1],[1,0,0,3]]
4E0-4c:4:[[3,0,0,3],[1,2,2,1],[1,2,0,3]]
4F0-4a:4:[[0,1,3,0],[1,0,0,3]]
4F0-4b:4:[[0,1,3,0],[2,1,1,2]]
4G0-4a:4:[[3,0,0,3],[1,0,0,3]]
4G0-4b:4:[[3,0,0,3],[1,3,0,3]]
5A0-5a:5:[[2,1,0,3],[1,2,2,0],[1,1,0,2]]
5B0-5a:5:[[2,0,0,3],[1,0,1,1],[1,0,0,2]]
5C0-5a:5:[[3,1,0,2],[1,2,2,0],[2,2,2,1]]
5D0-5a:5:[[4,0,1,4],[1,0,0,2]]
5D0-5b:5:[[4,0,1,4],[2,0,0,1]]
5E0-5a:5:[[2,1,0,3],[2,0,2,3],[1,0,2,2]]
5G0-5a:5:[[3,1,0,2],[2,1,0,1]]
5G0-5b:5:[[3,1,0,2],[2,1,3,3]]
5H0-5a:5:[[4,0,0,4],[2,0,0,1]]
7B0-7a:7:[[2,0,0,4],[3,0,1,5],[1,0,0,3]]
7D0-7a:7:[[0,3,2,3],[2,4,4,5],[3,1,0,4]]
7E0-7a:7:[[6,0,1,6],[1,0,0,3]]
7E0-7b:7:[[6,0,1,6],[3,0,0,1]]
7E0-7c:7:[[6,0,1,6],[3,0,0,4]]
7F0-7a:7:[[3,1,4,4],[4,4,1,3],[3,4,0,4]]
7A1-7a:7:[[1,4,2,2],[4,2,0,3]]
7B1-7a:7:[[3,0,5,5],[3,0,2,1]]
7B1-7b:7:[[3,0,5,5],[3,4,0,4]]
7C1-7a:7:[[0,3,2,0],[3,0,0,4]]
2A0-8a:8:[[1,2,0,1],[1,1,1,2],[1,0,0,3],[1,1,0,5]]
2A0-8b:8:[[1,2,0,1],[1,1,1,2],[1,1,0,3],[1,1,0,5]]
2C0-8a:8:[[1,2,0,1],[3,0,0,3],[1,0,2,1],[1,0,0,3],[0,1,1,0]]
2C0-8b:8:[[1,2,0,1],[3,0,0,3],[1,0,2,1],[1,1,0,3],[1,1,0,5]]
4B0-8a:8:[[3,0,0,3],[1,4,0,1],[0,3,5,2],[1,0,0,3],[1,2,0,5]]
4B0-8b:8:[[3,0,0,3],[1,4,0,1],[0,3,5,2],[1,2,0,3],[1,2,0,5]]
4C0-8a:8:[[1,4,0,1],[2,1,3,2],[0,3,5,0],[1,0,0,3],[1,2,0,5]]
4C0-8b:8:[[1,4,0,1],[2,1,3,2],[0,3,5,0],[1,2,0,3],[1,2,0,5]]
4D0-8a:8:[[1,4,0,1],[2,1,5,3],[3,3,0,5],[0,1,3,0]]
4E0-8a:8:[[3,0,0,3],[1,4,0,1],[5,0,0,5],[1,2,2,5],[1,0,0,3],[0,1,1,0]]
4E0-8b:8:[[3,0,0,3],[1,4,0,1],[5,0,0,5],[1,2,2,5],[1,0,0,3],[1,2,0,5]]
4E0-8c:8:[[3,0,0,3],[1,4,0,1],[5,0,0,5],[1,2,2,5],[1,2,0,3],[0,1,1,0]]
4E0-8d:8:[[3,0,0,3],[1,4,0,1],[5,0,0,5],[1,2,2,5],[1,2,0,3],[1,2,0,5]]
4E0-8e:8:[[3,0,0,3],[1,4,0,1],[5,0,0,5],[1,2,2,5],[1,2,0,5],[0,1,1,0]]
4E0-8f:8:[[3,0,0,3],[1,4,0,1],[5,0,0,5],[1,2,2,5],[3,0,0,5],[0,1,3,2]]
4E0-8g:8:[[3,0,0,3],[1,4,0,1],[5,0,0,5],[1,2,2,5],[3,0,0,5],[2,1,1,2]]
4E0-8h:8:[[3,0,0,3],[1,4,0,1],[5,0,0,5],[1,2,2,5],[3,2,0,5],[0,1,3,0]]
4E0-8i:8:[[3,0,0,3],[1,4,0,1],[5,0,0,5],[1,2,2,5],[3,2,0,5],[2,1,1,2]]
4F0-8a:8:[[3,0,0,3],[1,4,0,1],[0,3,5,0],[1,0,0,3],[1,2,2,1]]
4F0-8b:8:[[3,0,0,3],[1,4,0,1],[0,3,5,0],[3,0,0,5],[1,2,2,1]]
8B0-8a:8:[[3,0,0,3],[0,3,5,0],[1,2,2,5],[1,0,0,3],[1,0,0,5]]
8B0-8b:8:[[3,0,0,3],[0,3,5,0],[1,2,2,5],[1,0,0,3],[1,4,0,5]]
8B0-8c:8:[[3,0,0,3],[0,3,5,0],[1,2,2,5],[3,2,0,1],[1,0,0,5]]
8B0-8d:8:[[3,0,0,3],[0,3,5,0],[1,2,2,5],[3,2,0,1],[1,4,0,5]]
8C0-8a:8:[[3,0,0,3],[5,0,0,5],[0,3,5,2],[1,2,0,3],[1,0,0,5]]
8C0-8b:8:[[3,0,0,3],[5,0,0,5],[0,3,5,2],[1,2,0,3],[1,4,0,5]]
8C0-8c:8:[[3,0,0,3],[5,0,0,5],[0,3,5,2],[3,2,0,1],[1,0,0,5]]
8C0-8d:8:[[3,0,0,3],[5,0,0,5],[0,3,5,2],[3,2,0,1],[1,4,0,5]]
8D0-8a:8:[[2,1,3,2],[0,3,5,0],[1,0,0,3],[1,0,0,5]]
8D0-8b:8:[[2,1,3,2],[0,3,5,0],[1,0,0,3],[1,4,0,5]]
8D0-8c:8:[[2,1,3,2],[0,3,5,0],[1,4,0,3],[1,0,0,5]]
8D0-8d:8:[[2,1,3,2],[0,3,5,0],[1,4,0,3],[1,4,0,5]]
8A1-8a:8:[[5,0,0,5],[2,1,3,2],[0,3,5,4],[1,0,0,3],[1,0,0,5]]
8A1-8b:8:[[5,0,0,5],[2,1,3,2],[0,3,5,4],[1,4,0,3],[1,4,0,5]]
8A1-8c:8:[[5,0,0,5],[2,1,3,2],[0,3,5,4],[3,2,0,1],[1,0,0,5]]
8A1-8d:8:[[5,0,0,5],[2,1,3,2],[0,3,5,4],[3,2,0,1],[1,4,0,5]]
8F0-8a:8:[[1,1,1,2],[0,3,5,0],[3,3,0,5],[2,1,1,3]]
4G0-8a:8:[[3,0,0,3],[1,4,0,1],[5,0,0,5],[1,0,4,1],[0,1,3,0],[2,1,5,2]]
4G0-8b:8:[[3,0,0,3],[1,4,0,1],[5,0,0,5],[1,0,4,1],[1,0,0,3],[0,1,1,0]]
4G0-8c:8:[[3,0,0,3],[1,4,0,1],[5,0,0,5],[1,0,4,1],[1,0,0,3],[1,2,0,5]]
4G0-8d:8:[[3,0,0,3],[1,4,0,1],[5,0,0,5],[1,0,4,1],[1,2,0,5],[3,0,2,5]]
4G0-8e:8:[[3,0,0,3],[1,4,0,1],[5,0,0,5],[1,0,4,1],[1,3,0,3],[1,2,0,5]]
4G0-8f:8:[[3,0,0,3],[1,4,0,1],[5,0,0,5],[1,0,4,1],[1,3,0,3],[1,3,2,3]]
8G0-8a:8:[[1,2,0,1],[3,0,0,3],[5,0,0,5],[1,0,0,3],[1,0,0,5]]
8G0-8b:8:[[1,2,0,1],[3,0,0,3],[5,0,0,5],[1,0,0,3],[1,0,4,5]]
8G0-8c:8:[[1,2,0,1],[3,0,0,3],[5,0,0,5],[1,0,0,3],[1,1,0,5]]
8G0-8d:8:[[1,2,0,1],[3,0,0,3],[5,0,0,5],[1,0,0,5],[3,0,2,1]]
8G0-8e:8:[[1,2,0,1],[3,0,0,3],[5,0,0,5],[1,0,2,3],[3,2,2,1]]
8G0-8f:8:[[1,2,0,1],[3,0,0,3],[5,0,0,5],[1,1,0,3],[1,0,0,5]]
8G0-8g:8:[[1,2,0,1],[3,0,0,3],[5,0,0,5],[1,1,0,3],[1,1,4,1]]
8G0-8h:8:[[1,2,0,1],[3,0,0,3],[5,0,0,5],[1,1,0,3],[3,2,2,1]]
8G0-8i:8:[[1,2,0,1],[3,0,0,3],[5,0,0,5],[1,3,2,3],[3,2,2,1]]
8G0-8j:8:[[1,2,0,1],[3,0,0,3],[5,0,0,5],[3,0,0,5],[1,1,4,1]]
8G0-8k:8:[[1,2,0,1],[3,0,0,3],[5,0,0,5],[3,1,0,5],[1,0,4,5]]
8G0-8l:8:[[1,2,0,1],[3,0,0,3],[5,0,0,5],[3,1,0,5],[3,0,2,1]]
8H0-8a:8:[[3,0,0,3],[1,4,4,1],[0,3,5,0],[1,0,0,3],[1,0,0,5]]
8H0-8b:8:[[3,0,0,3],[1,4,4,1],[0,3,5,0],[1,0,0,3],[1,2,2,3]]
8H0-8c:8:[[3,0,0,3],[1,4,4,1],[0,3,5,0],[1,0,0,3],[1,4,0,5]]
8H0-8d:8:[[3,0,0,3],[1,4,4,1],[0,3,5,0],[1,0,0,5],[1,2,2,3]]
8H0-8e:8:[[3,0,0,3],[1,4,4,1],[0,3,5,0],[1,4,0,3],[1,0,0,5]]
8H0-8f:8:[[3,0,0,3],[1,4,4,1],[0,3,5,0],[1,4,0,3],[1,2,2,1]]
8H0-8g:8:[[3,0,0,3],[1,4,4,1],[0,3,5,0],[1,4,0,3],[1,4,0,5]]
8H0-8h:8:[[3,0,0,3],[1,4,4,1],[0,3,5,0],[1,4,0,5],[2,1,1,2]]
8H0-8i:8:[[3,0,0,3],[1,4,4,1],[0,3,5,0],[3,0,0,5],[1,2,2,1]]
8H0-8j:8:[[3,0,0,3],[1,4,4,1],[0,3,5,0],[3,0,0,5],[2,3,5,2]]
8H0-8k:8:[[3,0,0,3],[1,4,4,1],[0,3,5,0],[3,4,0,5],[1,2,2,1]]
8H0-8l:8:[[3,0,0,3],[1,4,4,1],[0,3,5,0],[3,4,0,5],[2,1,1,2]]
8I0-8a:8:[[7,0,0,7],[0,3,5,2],[1,4,0,5],[1,6,0,3]]
8I0-8b:8:[[7,0,0,7],[0,3,5,2],[3,2,0,1],[1,4,0,5]]
8I0-8c:8:[[7,0,0,7],[0,3,5,2],[3,2,0,1],[5,4,0,1]]
8I0-8d:8:[[7,0,0,7],[0,3,5,2],[5,2,0,3],[5,4,0,1]]
8J0-8a:8:[[3,2,0,3],[5,2,0,5],[1,2,4,1],[1,0,0,3],[1,0,0,5]]
8J0-8b:8:[[3,2,0,3],[5,2,0,5],[1,2,4,1],[1,0,0,3],[1,2,0,5]]
8J0-8c:8:[[3,2,0,3],[5,2,0,5],[1,2,4,1],[1,2,0,3],[1,0,0,5]]
8J0-8d:8:[[3,2,0,3],[5,2,0,5],[1,2,4,1],[1,2,0,3],[1,2,0,5]]
8L0-8a:8:[[0,3,5,0],[5,2,2,1],[1,2,0,3],[1,4,0,5]]
8L0-8b:8:[[0,3,5,0],[5,2,2,1],[5,4,0,1],[3,6,0,1]]
8B1-8a:8:[[3,0,0,3],[5,0,0,5],[1,2,4,1],[1,0,0,3],[1,0,0,5]]
8B1-8b:8:[[3,0,0,3],[5,0,0,5],[1,2,4,1],[1,0,0,3],[1,2,0,5]]
8B1-8c:8:[[3,0,0,3],[5,0,0,5],[1,2,4,1],[1,0,0,5],[1,2,2,3]]
8B1-8d:8:[[3,0,0,3],[5,0,0,5],[1,2,4,1],[1,1,0,3],[1,0,0,5]]
8B1-8e:8:[[3,0,0,3],[5,0,0,5],[1,2,4,1],[1,2,0,5],[1,0,2,3]]
8B1-8f:8:[[3,0,0,3],[5,0,0,5],[1,2,4,1],[1,3,0,3],[1,2,0,5]]
8B1-8g:8:[[3,0,0,3],[5,0,0,5],[1,2,4,1],[1,3,0,3],[1,2,2,3]]
8B1-8h:8:[[3,0,0,3],[5,0,0,5],[1,2,4,1],[1,3,0,3],[1,3,2,3]]
8B1-8i:8:[[3,0,0,3],[5,0,0,5],[1,2,4,1],[3,0,0,5],[1,3,2,3]]
8B1-8j:8:[[3,0,0,3],[5,0,0,5],[1,2,4,1],[3,2,0,5],[1,1,2,5]]
8B1-8k:8:[[3,0,0,3],[5,0,0,5],[1,2,4,1],[3,3,0,5],[1,0,2,3]]
8B1-8l:8:[[3,0,0,3],[5,0,0,5],[1,2,4,1],[3,3,0,5],[1,3,2,3]]
8C1-8a:8:[[3,0,0,3],[5,0,0,5],[0,3,5,4],[1,0,0,3],[1,0,0,5]]
8C1-8b:8:[[3,0,0,3],[5,0,0,5],[0,3,5,4],[1,0,0,3],[1,2,2,1]]
8C1-8c:8:[[3,0,0,3],[5,0,0,5],[0,3,5,4],[1,0,0,3],[1,4,0,5]]
8C1-8d:8:[[3,0,0,3],[5,0,0,5],[0,3,5,4],[1,0,0,5],[1,2,6,3]]
8C1-8e:8:[[3,0,0,3],[5,0,0,5],[0,3,5,4],[1,4,0,3],[1,0,0,5]]
8C1-8f:8:[[3,0,0,3],[5,0,0,5],[0,3,5,4],[1,4,0,3],[1,2,6,1]]
8C1-8g:8:[[3,0,0,3],[5,0,0,5],[0,3,5,4],[1,4,0,3],[1,4,0,5]]
8C1-8h:8:[[3,0,0,3],[5,0,0,5],[0,3,5,4],[1,4,0,5],[2,1,1,2]]
8C1-8i:8:[[3,0,0,3],[5,0,0,5],[0,3,5,4],[3,0,0,5],[1,2,2,1]]
8C1-8j:8:[[3,0,0,3],[5,0,0,5],[0,3,5,4],[3,0,0,5],[2,1,1,2]]
8C1-8k:8:[[3,0,0,3],[5,0,0,5],[0,3,5,4],[3,4,0,5],[1,2,2,1]]
8C1-8l:8:[[3,0,0,3],[5,0,0,5],[0,3,5,4],[3,4,0,5],[1,2,6,1]]
8E1-8a:8:[[3,0,0,3],[1,1,1,2],[3,3,0,5],[1,3,3,4]]
8E1-8b:8:[[3,0,0,3],[1,1,1,2],[3,3,0,5],[2,1,1,3]]
8N0-8a:8:[[1,4,0,1],[7,0,0,7],[1,0,4,1],[1,2,0,3],[1,0,0,5]]
8N0-8b:8:[[1,4,0,1],[7,0,0,7],[1,0,4,1],[1,2,0,3],[1,2,0,5]]
8N0-8c:8:[[1,4,0,1],[7,0,0,7],[1,0,4,1],[1,2,0,3],[3,2,0,5]]
8N0-8d:8:[[1,4,0,1],[7,0,0,7],[1,0,4,1],[3,0,0,1],[1,0,2,5]]
8N0-8e:8:[[1,4,0,1],[7,0,0,7],[1,0,4,1],[3,0,0,1],[1,2,0,5]]
8N0-8f:8:[[1,4,0,1],[7,0,0,7],[1,0,4,1],[3,0,0,1],[5,0,0,1]]
8O0-8a:8:[[3,2,0,3],[5,2,0,5],[1,0,0,3],[1,0,4,5]]
8O0-8b:8:[[3,2,0,3],[5,2,0,5],[1,0,0,5],[1,0,4,3]]
8O0-8c:8:[[3,2,0,3],[5,2,0,5],[1,2,0,3],[1,0,0,5]]
8O0-8d:8:[[3,2,0,3],[5,2,0,5],[1,2,0,3],[1,2,0,5]]
8O0-8e:8:[[3,2,0,3],[5,2,0,5],[1,2,0,5],[1,2,4,3]]
8O0-8f:8:[[3,2,0,3],[5,2,0,5],[1,3,0,3],[1,0,0,5]]
8O0-8g:8:[[3,2,0,3],[5,2,0,5],[1,3,0,3],[1,2,0,5]]
8O0-8h:8:[[3,2,0,3],[5,2,0,5],[1,3,0,3],[1,3,4,1]]
8O0-8i:8:[[3,2,0,3],[5,2,0,5],[3,0,0,5],[1,2,4,3]]
8O0-8j:8:[[3,2,0,3],[5,2,0,5],[3,2,0,5],[1,0,4,3]]
8O0-8k:8:[[3,2,0,3],[5,2,0,5],[3,3,0,5],[1,0,4,3]]
8O0-8l:8:[[3,2,0,3],[5,2,0,5],[3,3,0,5],[1,1,4,1]]
8P0-8a:8:[[3,4,4,3],[0,3,5,0],[3,4,0,1],[1,4,0,5]]
8P0-8b:8:[[3,4,4,3],[0,3,5,0],[3,4,0,1],[5,4,0,1]]
8F1-8a:8:[[3,0,0,3],[5,0,0,5],[1,4,4,1],[0,1,1,0],[1,2,2,1]]
8F1-8b:8:[[3,0,0,3],[5,0,0,5],[1,4,4,1],[0,1,1,0],[1,2,6,1]]
8F1-8c:8:[[3,0,0,3],[5,0,0,5],[1,4,4,1],[0,1,1,0],[2,3,5,2]]
8F1-8d:8:[[3,0,0,3],[5,0,0,5],[1,4,4,1],[0,1,1,0],[2,3,5,6]]
8F1-8e:8:[[3,0,0,3],[5,0,0,5],[1,4,4,1],[1,0,0,3],[0,1,1,0]]
8F1-8f:8:[[3,0,0,3],[5,0,0,5],[1,4,4,1],[1,0,0,3],[1,0,0,5]]
8F1-8g:8:[[3,0,0,3],[5,0,0,5],[1,4,4,1],[1,0,0,5],[0,1,1,0]]
8F1-8h:8:[[3,0,0,3],[5,0,0,5],[1,4,4,1],[1,2,0,3],[1,0,0,5]]
8F1-8i:8:[[3,0,0,3],[5,0,0,5],[1,4,4,1],[1,4,0,3],[0,1,1,0]]
8F1-8j:8:[[3,0,0,3],[5,0,0,5],[1,4,4,1],[1,4,0,3],[1,4,0,5]]
8F1-8k:8:[[3,0,0,3],[5,0,0,5],[1,4,4,1],[1,4,0,5],[0,1,1,0]]
8F1-8l:8:[[3,0,0,3],[5,0,0,5],[1,4,4,1],[3,0,0,5],[0,1,3,0]]
8F1-8m:8:[[3,0,0,3],[5,0,0,5],[1,4,4,1],[3,0,0,5],[0,1,3,4]]
8F1-8n:8:[[3,0,0,3],[5,0,0,5],[1,4,4,1],[3,0,0,5],[1,2,2,1]]
8F1-8o:8:[[3,0,0,3],[5,0,0,5],[1,4,4,1],[3,0,0,5],[3,2,2,5]]
8F1-8p:8:[[3,0,0,3],[5,0,0,5],[1,4,4,1],[3,2,0,1],[1,4,0,5]]
8F1-8q:8:[[3,0,0,3],[5,0,0,5],[1,4,4,1],[3,4,0,5],[0,1,3,0]]
8F1-8r:8:[[3,0,0,3],[5,0,0,5],[1,4,4,1],[3,4,0,5],[0,1,3,4]]
8F1-8s:8:[[3,0,0,3],[5,0,0,5],[1,4,4,1],[5,2,0,3],[1,2,2,1]]
8F1-8t:8:[[3,0,0,3],[5,0,0,5],[1,4,4,1],[5,2,0,3],[3,0,2,1]]
8G1-8a:8:[[7,0,0,7],[3,2,4,3],[1,0,0,3],[1,0,0,5]]
8G1-8b:8:[[7,0,0,7],[3,2,4,3],[1,0,0,3],[3,2,0,5]]
8G1-8c:8:[[7,0,0,7],[3,2,4,3],[1,0,0,7],[1,3,2,3]]
8G1-8d:8:[[7,0,0,7],[3,2,4,3],[3,0,0,1],[5,0,0,1]]
8G1-8e:8:[[7,0,0,7],[3,2,4,3],[3,0,0,1],[5,2,0,1]]
8G1-8f:8:[[7,0,0,7],[3,2,4,3],[3,2,0,1],[1,0,0,5]]
8G1-8g:8:[[7,0,0,7],[3,2,4,3],[3,2,0,1],[5,0,0,1]]
8G1-8h:8:[[7,0,0,7],[3,2,4,3],[3,2,0,1],[5,2,0,1]]
8I1-8a:8:[[3,0,0,3],[0,3,5,0],[1,0,0,3],[1,0,0,5]]
8I1-8b:8:[[3,0,0,3],[0,3,5,0],[1,0,0,5],[1,2,2,3]]
8I1-8c:8:[[3,0,0,3],[0,3,5,0],[1,2,2,3],[4,1,3,4]]
8I1-8d:8:[[3,0,0,3],[0,3,5,0],[3,0,0,5],[1,4,4,3]]
8K1-8a:8:[[7,0,0,7],[3,4,4,3],[0,1,1,0],[1,2,2,1]]
8K1-8b:8:[[7,0,0,7],[3,4,4,3],[1,0,0,3],[3,4,0,5]]
8K1-8c:8:[[7,0,0,7],[3,4,4,3],[1,0,0,7],[0,3,1,4]]
8K1-8d:8:[[7,0,0,7],[3,4,4,3],[1,2,0,7],[1,2,2,1]]
8K1-8e:8:[[7,0,0,7],[3,4,4,3],[1,2,0,7],[3,0,2,1]]
8K1-8f:8:[[7,0,0,7],[3,4,4,3],[1,4,0,3],[0,1,1,0]]
8K1-8g:8:[[7,0,0,7],[3,4,4,3],[1,4,0,5],[0,1,1,0]]
8K1-8h:8:[[7,0,0,7],[3,4,4,3],[1,4,0,5],[1,6,0,3]]
8K1-8i:8:[[7,0,0,7],[3,4,4,3],[1,6,0,7],[1,0,2,3]]
8K1-8j:8:[[7,0,0,7],[3,4,4,3],[1,6,0,7],[1,2,2,1]]
8K1-8k:8:[[7,0,0,7],[3,4,4,3],[3,0,0,1],[1,4,0,5]]
8K1-8l:8:[[7,0,0,7],[3,4,4,3],[3,0,0,1],[5,0,0,1]]
8K1-8m:8:[[7,0,0,7],[3,4,4,3],[3,2,0,1],[5,4,0,1]]
8K1-8n:8:[[7,0,0,7],[3,4,4,3],[5,0,0,1],[3,0,2,1]]
8K1-8o:8:[[7,0,0,7],[3,4,4,3],[5,0,0,1],[3,6,0,1]]
8K1-8p:8:[[7,0,0,7],[3,4,4,3],[5,4,0,1],[2,1,1,2]]
9A0-9a:9:[[0,2,4,0],[1,1,4,5],[1,0,0,2]]
9B0-9a:9:[[1,1,0,1],[2,0,0,5],[1,0,0,2]]
9C0-9a:9:[[2,0,0,5],[4,2,3,4],[1,0,0,2]]
9A1-9a:9:[[2,0,0,5],[2,3,1,2],[1,0,0,2]]
9D0-9a:9:[[2,0,0,5],[1,3,3,1],[0,2,4,0],[1,0,0,2]]
9E0-9a:9:[[1,3,0,1],[2,1,1,1],[4,2,0,5]]
9F0-9a:9:[[0,2,4,1],[4,3,5,4],[4,5,0,5]]
9G0-9a:9:[[0,4,2,3],[5,1,1,4],[5,3,0,4]]
9H0-9a:9:[[1,3,0,1],[5,0,3,2],[1,0,2,2]]
9H0-9b:9:[[1,3,0,1],[5,0,3,2],[2,1,0,1]]
9H0-9c:9:[[1,3,0,1],[5,0,3,2],[4,2,0,5]]
9I0-9a:9:[[2,1,0,5],[1,2,3,2]]
9I0-9b:9:[[2,1,0,5],[4,0,3,5]]
9I0-9c:9:[[2,2,0,5],[2,2,3,1]]
9J0-9a:9:[[1,3,0,1],[2,2,3,8],[1,2,0,2]]
9J0-9b:9:[[1,3,0,1],[2,2,3,8],[2,1,0,1]]
9J0-9c:9:[[1,3,0,1],[5,2,3,5],[4,0,0,5]]
9C1-9a:9:[[2,0,0,5],[1,0,3,1],[2,3,2,1]]
9D1-9a:9:[[2,3,1,2],[1,0,0,2]]
9D1-9b:9:[[2,3,1,2],[2,0,0,1]]
9D1-9c:9:[[2,3,1,2],[4,0,0,5]]
9E1-9a:9:[[2,0,0,5],[0,2,4,0],[2,3,3,1]]
9G1-9a:9:[[4,1,1,5],[0,1,8,0],[4,3,3,5]]
9H1-9a:9:[[8,0,3,8],[1,0,1,2]]
9H1-9b:9:[[8,0,3,8],[2,0,2,1]]
9H1-9c:9:[[8,0,3,8],[4,0,1,5]]
11A1-11a:11:[[3,3,0,4],[3,1,2,1],[1,3,0,2]]
11B1-11a:11:[[1,2,5,0],[5,6,4,5],[6,1,0,5]]
11C1-11a:11:[[3,4,4,2],[3,1,1,8],[6,4,0,5]]
11D1-11a:11:[[5,4,2,4],[1,3,0,2]]
11D1-11b:11:[[5,4,2,4],[2,3,0,3]]
11D1-11c:11:[[5,4,2,4],[2,6,0,4]]
11D1-11d:11:[[5,4,2,4],[5,3,0,6]]
11D1-11e:11:[[5,4,2,4],[6,7,0,1]]
13A0-13a:13:[[2,0,0,7],[1,0,1,1],[1,0,0,2]]
13B0-13a:13:[[3,0,0,9],[4,0,1,10],[1,0,0,2]]
13B0-13b:13:[[3,0,0,9],[4,0,1,10],[2,0,0,1]]
13C0-13a:13:[[5,0,0,8],[1,0,1,1],[1,0,0,2]]
13C0-13b:13:[[5,0,0,8],[1,0,1,1],[2,0,0,1]]
13C0-13c:13:[[5,0,0,8],[1,0,1,1],[2,0,0,3]]
8E0-16a:16:[[3,4,0,11],[2,3,3,5],[3,3,0,5],[0,1,3,0]]
8E0-16b:16:[[3,4,0,11],[2,3,3,5],[3,3,0,5],[0,3,1,0]]
16B0-16a:16:[[3,0,0,11],[0,3,5,0],[1,2,2,5],[1,0,0,5],[1,8,0,3]]
16B0-16b:16:[[3,0,0,11],[0,3,5,0],[1,2,2,5],[1,4,0,5],[5,2,0,3]]
16B0-16c:16:[[3,0,0,11],[0,3,5,0],[1,2,2,5],[3,0,0,5],[1,8,0,3]]
16B0-16d:16:[[3,0,0,11],[0,3,5,0],[1,2,2,5],[3,6,0,5],[3,4,0,7]]
16C0-16a:16:[[7,0,0,7],[3,8,0,11],[0,3,5,2],[1,2,0,3],[1,4,0,5]]
16C0-16b:16:[[7,0,0,7],[3,8,0,11],[0,3,5,2],[1,2,0,3],[5,4,0,1]]
16C0-16c:16:[[7,0,0,7],[3,8,0,11],[0,3,5,2],[1,4,0,5],[5,2,0,3]]
16C0-16d:16:[[7,0,0,7],[3,8,0,11],[0,3,5,2],[5,4,0,1],[1,6,0,3]]
16D0-16a:16:[[7,0,0,7],[3,0,0,11],[0,3,5,2],[1,4,0,5],[5,2,0,3]]
16D0-16b:16:[[7,0,0,7],[3,0,0,11],[0,3,5,2],[3,2,0,1],[1,4,0,5]]
16D0-16c:16:[[7,0,0,7],[3,0,0,11],[0,3,5,2],[3,2,0,1],[5,2,0,3]]
16D0-16d:16:[[7,0,0,7],[3,0,0,11],[0,3,5,2],[3,6,0,5],[3,4,0,7]]
16E0-16a:16:[[0,3,5,8],[2,1,3,10],[1,0,0,3],[1,0,0,5]]
16E0-16b:16:[[0,3,5,8],[2,1,3,10],[1,0,0,3],[1,8,0,5]]
16E0-16c:16:[[0,3,5,8],[2,1,3,10],[1,0,0,5],[1,8,0,3]]
16E0-16d:16:[[0,3,5,8],[2,1,3,10],[3,0,0,5],[1,8,0,3]]
4G0-16a:16:[[1,4,0,1],[7,0,0,7],[3,0,0,11],[1,0,4,1],[1,1,0,5],[1,5,2,5]]
8G0-16a:16:[[1,2,0,1],[7,0,0,7],[3,0,0,11],[1,0,8,1],[3,1,0,5],[1,2,2,1]]
8K0-16a:16:[[1,4,0,1],[7,0,0,7],[0,3,5,0],[3,0,0,5],[1,2,2,1]]
8K0-16b:16:[[1,4,0,1],[7,0,0,7],[0,3,5,0],[7,0,0,9],[1,2,2,1]]
8K0-16c:16:[[1,4,0,1],[7,0,0,7],[2,3,1,2],[3,0,0,5],[1,2,2,1]]
8K0-16d:16:[[1,4,0,1],[7,0,0,7],[2,3,1,2],[7,0,0,9],[1,2,2,1]]
16A1-16a:16:[[7,0,0,7],[3,8,0,11],[0,5,3,6],[1,2,0,3],[1,4,0,5]]
16A1-16b:16:[[7,0,0,7],[3,8,0,11],[0,5,3,6],[1,2,0,3],[5,4,0,1]]
16A1-16c:16:[[7,0,0,7],[3,8,0,11],[0,5,3,6],[1,4,0,5],[5,2,0,3]]
16A1-16d:16:[[7,0,0,7],[3,8,0,11],[0,5,3,6],[3,2,0,1],[5,2,0,3]]
16B1-16a:16:[[3,0,0,11],[0,3,5,0],[2,3,9,6],[1,0,0,3],[1,0,0,5]]
16B1-16b:16:[[3,0,0,11],[0,3,5,0],[2,3,9,6],[1,0,0,3],[1,8,0,5]]
16B1-16c:16:[[3,0,0,11],[0,3,5,0],[2,3,9,6],[1,4,0,3],[1,0,0,5]]
16B1-16d:16:[[3,0,0,11],[0,3,5,0],[2,3,9,6],[1,4,0,3],[3,4,0,5]]
16C1-16a:16:[[2,1,3,2],[0,3,5,8],[1,0,0,3],[1,0,0,5]]
16C1-16b:16:[[2,1,3,2],[0,3,5,8],[1,0,0,3],[1,8,0,5]]
16C1-16c:16:[[2,1,3,2],[0,3,5,8],[1,0,0,5],[1,8,0,3]]
16C1-16d:16:[[2,1,3,2],[0,3,5,8],[3,0,0,5],[1,8,0,3]]
16D1-16a:16:[[3,8,0,11],[0,3,5,0],[5,2,2,1],[1,2,0,3],[1,4,0,5]]
16D1-16b:16:[[3,8,0,11],[0,3,5,0],[5,2,2,1],[1,2,0,3],[5,4,0,1]]
16D1-16c:16:[[3,8,0,11],[0,3,5,0],[5,2,2,1],[1,4,0,5],[3,6,0,1]]
16D1-16d:16:[[3,8,0,11],[0,3,5,0],[5,2,2,1],[3,2,0,5],[5,4,0,1]]
8D1-16a:16:[[7,0,0,7],[3,4,0,11],[0,3,5,0],[3,0,0,5],[1,2,2,1]]
8D1-16b:16:[[7,0,0,7],[3,4,0,11],[0,3,5,0],[3,0,0,5],[1,2,2,9]]
8D1-16c:16:[[7,0,0,7],[3,4,0,11],[0,3,5,0],[3,4,0,5],[1,2,2,1]]
8D1-16d:16:[[7,0,0,7],[3,4,0,11],[0,3,5,0],[3,4,0,5],[2,1,1,2]]
16G0-16a:16:[[1,2,0,1],[7,0,0,7],[3,0,8,11],[1,3,2,3],[3,2,2,1]]
16G0-16b:16:[[1,2,0,1],[7,0,0,7],[3,0,8,11],[3,0,0,1],[1,0,0,5]]
16G0-16c:16:[[1,2,0,1],[7,0,0,7],[3,0,8,11],[3,0,0,1],[5,0,0,1]]
16G0-16d:16:[[1,2,0,1],[7,0,0,7],[3,0,8,11],[3,0,0,1],[5,1,0,1]]
16G0-16e:16:[[1,2,0,1],[7,0,0,7],[3,0,8,11],[3,1,0,1],[1,1,0,5]]
16G0-16f:16:[[1,2,0,1],[7,0,0,7],[3,0,8,11],[3,1,0,1],[1,1,4,1]]
16G0-16g:16:[[1,2,0,1],[7,0,0,7],[3,0,8,11],[3,1,0,1],[5,0,0,1]]
16G0-16h:16:[[1,2,0,1],[7,0,0,7],[3,0,8,11],[3,2,2,1],[1,4,2,3]]
16G0-16i:16:[[1,2,0,1],[7,0,0,7],[3,0,8,11],[3,2,2,1],[3,3,4,5]]
16G0-16j:16:[[1,2,0,1],[7,0,0,7],[3,0,8,11],[3,4,2,1],[1,2,4,5]]
16G0-16k:16:[[1,2,0,1],[7,0,0,7],[3,0,8,11],[7,1,0,9],[1,2,4,5]]
16G0-16l:16:[[1,2,0,1],[7,0,0,7],[3,0,8,11],[7,1,0,9],[3,0,2,1]]
16H0-16a:16:[[7,0,0,7],[9,0,0,9],[0,3,5,2],[1,4,0,5],[1,2,0,7]]
16H0-16b:16:[[7,0,0,7],[9,0,0,9],[0,3,5,2],[1,4,0,5],[1,6,0,3]]
16H0-16c:16:[[7,0,0,7],[9,0,0,9],[0,3,5,2],[1,4,0,5],[5,2,0,3]]
16H0-16d:16:[[7,0,0,7],[9,0,0,9],[0,3,5,2],[1,6,0,3],[1,2,0,7]]
16H0-16e:16:[[7,0,0,7],[9,0,0,9],[0,3,5,2],[3,2,0,1],[1,2,0,7]]
16H0-16f:16:[[7,0,0,7],[9,0,0,9],[0,3,5,2],[3,2,0,1],[5,2,0,3]]
16H0-16g:16:[[7,0,0,7],[9,0,0,9],[0,3,5,2],[3,2,0,1],[5,4,0,1]]
16H0-16h:16:[[7,0,0,7],[9,0,0,9],[0,3,5,2],[3,4,0,7],[5,6,0,7]]
16H0-16i:16:[[7,0,0,7],[9,0,0,9],[0,3,5,2],[5,2,0,3],[1,6,0,3]]
16H0-16j:16:[[7,0,0,7],[9,0,0,9],[0,3,5,2],[5,2,0,3],[5,4,0,1]]
16H0-16k:16:[[7,0,0,7],[9,0,0,9],[0,3,5,2],[5,4,0,1],[1,2,0,7]]
16H0-16l:16:[[7,0,0,7],[9,0,0,9],[0,3,5,2],[7,2,0,5],[7,4,0,3]]
8N0-16a:16:[[1,4,0,1],[7,0,0,7],[9,0,0,9],[1,0,4,1],[0,1,1,0],[2,3,5,6]]
8N0-16b:16:[[1,4,0,1],[7,0,0,7],[9,0,0,9],[1,0,4,1],[0,1,5,0],[2,5,1,2]]
8N0-16c:16:[[1,4,0,1],[7,0,0,7],[9,0,0,9],[1,0,4,1],[1,2,2,1],[0,5,1,0]]
8N0-16d:16:[[1,4,0,1],[7,0,0,7],[9,0,0,9],[1,0,4,1],[3,2,2,5],[2,3,5,6]]
8N0-16e:16:[[1,4,0,1],[7,0,0,7],[9,0,0,9],[1,0,4,1],[7,0,0,9],[1,2,2,1]]
8N0-16f:16:[[1,4,0,1],[7,0,0,7],[9,0,0,9],[1,0,4,1],[7,0,0,9],[2,1,1,6]]
8O0-16a:16:[[1,4,0,1],[7,0,0,7],[3,2,0,11],[1,0,8,1],[1,3,0,5],[5,1,4,3]]
16E1-16a:16:[[7,0,0,7],[3,0,0,11],[1,2,8,1],[1,0,0,3],[1,0,0,5]]
16E1-16b:16:[[7,0,0,7],[3,0,0,11],[1,2,8,1],[1,0,0,3],[1,2,0,5]]
16E1-16c:16:[[7,0,0,7],[3,0,0,11],[1,2,8,1],[1,0,0,5],[1,0,4,3]]
16E1-16d:16:[[7,0,0,7],[3,0,0,11],[1,2,8,1],[1,1,0,3],[1,3,4,1]]
16E1-16e:16:[[7,0,0,7],[3,0,0,11],[1,2,8,1],[1,2,0,5],[1,0,4,3]]
16E1-16f:16:[[7,0,0,7],[3,0,0,11],[1,2,8,1],[1,3,0,3],[1,0,0,5]]
16E1-16g:16:[[7,0,0,7],[3,0,0,11],[1,2,8,1],[1,3,0,3],[1,1,4,1]]
16E1-16h:16:[[7,0,0,7],[3,0,0,11],[1,2,8,1],[1,3,0,3],[1,2,0,5]]
16E1-16i:16:[[7,0,0,7],[3,0,0,11],[1,2,8,1],[3,1,0,5],[1,0,4,3]]
16E1-16j:16:[[7,0,0,7],[3,0,0,11],[1,2,8,1],[3,2,0,5],[1,1,4,1]]
16E1-16k:16:[[7,0,0,7],[3,0,0,11],[1,2,8,1],[3,2,0,5],[1,3,4,1]]
16E1-16l:16:[[7,0,0,7],[3,0,0,11],[1,2,8,1],[3,3,0,5],[1,0,4,3]]
16F1-16a:16:[[3,0,0,11],[1,4,4,1],[0,3,5,0],[1,0,0,3],[1,0,0,5]]
16F1-16b:16:[[3,0,0,11],[1,4,4,1],[0,3,5,0],[1,0,0,3],[1,8,0,5]]
16F1-16c:16:[[3,0,0,11],[1,4,4,1],[0,3,5,0],[1,0,0,5],[1,2,2,3]]
16F1-16d:16:[[3,0,0,11],[1,4,4,1],[0,3,5,0],[1,4,0,3],[1,0,0,5]]
16F1-16e:16:[[3,0,0,11],[1,4,4,1],[0,3,5,0],[1,4,0,3],[1,2,2,3]]
16F1-16f:16:[[3,0,0,11],[1,4,4,1],[0,3,5,0],[1,4,0,3],[3,4,0,5]]
16F1-16g:16:[[3,0,0,11],[1,4,4,1],[0,3,5,0],[1,8,0,5],[3,2,2,1]]
16F1-16h:16:[[3,0,0,11],[1,4,4,1],[0,3,5,0],[3,0,0,5],[1,2,2,1]]
16F1-16i:16:[[3,0,0,11],[1,4,4,1],[0,3,5,0],[3,0,0,5],[2,3,5,6]]
16F1-16j:16:[[3,0,0,11],[1,4,4,1],[0,3,5,0],[3,4,0,1],[1,2,2,1]]
16F1-16k:16:[[3,0,0,11],[1,4,4,1],[0,3,5,0],[3,4,0,5],[1,2,2,1]]
16F1-16l:16:[[3,0,0,11],[1,4,4,1],[0,3,5,0],[5,4,0,3],[3,2,2,5]]
16G1-16a:16:[[7,0,0,7],[9,0,0,9],[0,9,7,6],[1,4,0,5],[1,2,0,7]]
16G1-16b:16:[[7,0,0,7],[9,0,0,9],[0,9,7,6],[1,4,0,5],[1,6,0,3]]
16G1-16c:16:[[7,0,0,7],[9,0,0,9],[0,9,7,6],[1,4,0,5],[5,2,0,3]]
16G1-16d:16:[[7,0,0,7],[9,0,0,9],[0,9,7,6],[1,6,0,3],[1,2,0,7]]
16G1-16e:16:[[7,0,0,7],[9,0,0,9],[0,9,7,6],[3,2,0,1],[1,2,0,7]]
16G1-16f:16:[[7,0,0,7],[9,0,0,9],[0,9,7,6],[3,2,0,1],[5,2,0,3]]
16G1-16g:16:[[7,0,0,7],[9,0,0,9],[0,9,7,6],[3,2,0,1],[5,4,0,1]]
16G1-16h:16:[[7,0,0,7],[9,0,0,9],[0,9,7,6],[3,4,0,7],[5,6,0,7]]
16G1-16i:16:[[7,0,0,7],[9,0,0,9],[0,9,7,6],[5,2,0,3],[1,6,0,3]]
16G1-16j:16:[[7,0,0,7],[9,0,0,9],[0,9,7,6],[5,2,0,3],[5,4,0,1]]
16G1-16k:16:[[7,0,0,7],[9,0,0,9],[0,9,7,6],[5,4,0,1],[1,2,0,7]]
16G1-16l:16:[[7,0,0,7],[9,0,0,9],[0,9,7,6],[7,2,0,5],[7,4,0,3]]
16H1-16a:16:[[3,8,0,11],[1,4,4,1],[4,3,5,4],[1,8,0,7],[1,2,2,1]]
16H1-16b:16:[[3,8,0,11],[1,4,4,1],[4,3,5,4],[1,8,0,7],[1,2,2,9]]
16H1-16c:16:[[3,8,0,11],[1,4,4,1],[4,3,5,4],[5,4,0,3],[1,2,2,1]]
16H1-16d:16:[[3,8,0,11],[1,4,4,1],[4,3,5,4],[5,4,0,3],[5,2,2,3]]
16I1-16a:16:[[3,0,0,11],[0,3,5,8],[1,4,12,1],[1,0,0,3],[1,0,0,5]]
16I1-16b:16:[[3,0,0,11],[0,3,5,8],[1,4,12,1],[1,0,0,3],[1,2,10,3]]
16I1-16c:16:[[3,0,0,11],[0,3,5,8],[1,4,12,1],[1,0,0,3],[1,8,0,5]]
16I1-16d:16:[[3,0,0,11],[0,3,5,8],[1,4,12,1],[1,0,0,5],[1,8,0,3]]
16I1-16e:16:[[3,0,0,11],[0,3,5,8],[1,4,12,1],[1,0,0,5],[3,2,2,5]]
16I1-16f:16:[[3,0,0,11],[0,3,5,8],[1,4,12,1],[1,8,0,3],[2,3,5,2]]
16I1-16g:16:[[3,0,0,11],[0,3,5,8],[1,4,12,1],[1,8,0,5],[1,2,10,3]]
16I1-16h:16:[[3,0,0,11],[0,3,5,8],[1,4,12,1],[1,8,0,7],[1,2,10,7]]
16I1-16i:16:[[3,0,0,11],[0,3,5,8],[1,4,12,1],[1,8,0,7],[2,3,5,2]]
16I1-16j:16:[[3,0,0,11],[0,3,5,8],[1,4,12,1],[3,0,0,5],[1,8,0,3]]
16I1-16k:16:[[3,0,0,11],[0,3,5,8],[1,4,12,1],[3,0,0,5],[2,3,5,2]]
16I1-16l:16:[[3,0,0,11],[0,3,5,8],[1,4,12,1],[3,0,0,5],[3,2,2,5]]
16J1-16a:16:[[7,0,0,7],[0,3,5,0],[5,2,2,1],[1,2,0,3],[1,4,0,5]]
16J1-16b:16:[[7,0,0,7],[0,3,5,0],[5,2,2,1],[1,2,0,3],[7,2,0,1]]
16J1-16c:16:[[7,0,0,7],[0,3,5,0],[5,2,2,1],[1,4,0,5],[7,2,0,1]]
16J1-16d:16:[[7,0,0,7],[0,3,5,0],[5,2,2,1],[1,6,0,7],[3,4,0,7]]
16J1-16e:16:[[7,0,0,7],[0,3,5,0],[5,2,2,1],[1,6,0,7],[7,4,0,3]]
16J1-16f:16:[[7,0,0,7],[0,3,5,0],[5,2,2,1],[3,6,0,1],[3,4,0,7]]
16J1-16g:16:[[7,0,0,7],[0,3,5,0],[5,2,2,1],[5,4,0,1],[3,6,0,1]]
16J1-16h:16:[[7,0,0,7],[0,3,5,0],[5,2,2,1],[5,4,0,1],[5,2,0,7]]
8G1-16a:16:[[1,4,0,1],[7,0,0,7],[9,0,0,9],[3,2,4,3],[7,0,0,9],[1,3,2,1]]
8H1-16a:16:[[7,0,0,7],[1,8,0,1],[1,4,4,1],[0,3,5,0],[3,0,0,5],[1,2,2,1]]
8H1-16b:16:[[7,0,0,7],[1,8,0,1],[1,4,4,1],[0,3,5,0],[3,0,0,5],[1,2,2,9]]
8H1-16c:16:[[7,0,0,7],[1,8,0,1],[1,4,4,1],[0,3,5,0],[3,0,0,5],[1,2,6,9]]
8H1-16d:16:[[7,0,0,7],[1,8,0,1],[1,4,4,1],[0,3,5,0],[3,0,0,5],[2,3,5,2]]
8H1-16e:16:[[7,0,0,7],[1,8,0,1],[1,4,4,1],[0,3,5,0],[7,0,0,9],[1,2,2,1]]
8H1-16f:16:[[7,0,0,7],[1,8,0,1],[1,4,4,1],[0,3,5,0],[7,0,0,9],[2,1,1,2]]
8H1-16g:16:[[7,0,0,7],[1,8,0,1],[1,4,4,1],[0,3,5,0],[7,0,0,9],[2,3,5,2]]
8H1-16h:16:[[7,0,0,7],[1,8,0,1],[1,4,4,1],[0,3,5,0],[7,0,0,9],[3,2,2,5]]
8H1-16i:16:[[7,0,0,7],[1,8,0,1],[1,4,4,1],[0,3,5,0],[7,4,0,9],[1,2,2,1]]
8H1-16j:16:[[7,0,0,7],[1,8,0,1],[1,4,4,1],[0,3,5,0],[7,4,0,9],[1,2,2,9]]
8H1-16k:16:[[7,0,0,7],[1,8,0,1],[1,4,4,1],[0,3,5,0],[7,4,0,9],[1,2,6,9]]
8H1-16l:16:[[7,0,0,7],[1,8,0,1],[1,4,4,1],[0,3,5,0],[7,4,0,9],[2,1,1,2]]
8J1-16a:16:[[1,8,0,1],[3,3,11,6],[3,3,0,5],[3,1,1,4]]
8J1-16b:16:[[1,8,0,1],[3,3,11,6],[7,7,0,9],[1,3,3,4]]
16M1-16a:16:[[1,4,0,1],[7,0,0,7],[3,2,8,11],[1,0,0,3],[1,0,0,5]]
16M1-16b:16:[[1,4,0,1],[7,0,0,7],[3,2,8,11],[1,0,0,5],[5,2,4,3]]
16M1-16c:16:[[1,4,0,1],[7,0,0,7],[3,2,8,11],[1,1,0,3],[1,0,0,5]]
16M1-16d:16:[[1,4,0,1],[7,0,0,7],[3,2,8,11],[1,1,0,3],[1,2,0,5]]
16M1-16e:16:[[1,4,0,1],[7,0,0,7],[3,2,8,11],[1,1,0,3],[5,2,4,3]]
16M1-16f:16:[[1,4,0,1],[7,0,0,7],[3,2,8,11],[1,1,0,7],[1,0,4,3]]
16M1-16g:16:[[1,4,0,1],[7,0,0,7],[3,2,8,11],[1,1,0,7],[1,2,4,3]]
16M1-16h:16:[[1,4,0,1],[7,0,0,7],[3,2,8,11],[1,2,0,3],[1,2,0,5]]
16M1-16i:16:[[1,4,0,1],[7,0,0,7],[3,2,8,11],[1,2,0,5],[1,2,4,3]]
16M1-16j:16:[[1,4,0,1],[7,0,0,7],[3,2,8,11],[1,3,0,3],[5,1,4,5]]
16M1-16k:16:[[1,4,0,1],[7,0,0,7],[3,2,8,11],[1,3,0,7],[1,0,4,3]]
16M1-16l:16:[[1,4,0,1],[7,0,0,7],[3,2,8,11],[1,3,0,7],[1,1,4,1]]
16M1-16m:16:[[1,4,0,1],[7,0,0,7],[3,2,8,11],[3,0,0,1],[5,0,0,1]]
16M1-16n:16:[[1,4,0,1],[7,0,0,7],[3,2,8,11],[3,1,0,1],[1,1,4,1]]
16M1-16o:16:[[1,4,0,1],[7,0,0,7],[3,2,8,11],[3,2,0,1],[5,2,0,1]]
16M1-16p:16:[[1,4,0,1],[7,0,0,7],[3,2,8,11],[3,3,0,1],[1,3,4,1]]
16M1-16q:16:[[1,4,0,1],[7,0,0,7],[3,2,8,11],[3,3,0,1],[5,0,0,1]]
16M1-16r:16:[[1,4,0,1],[7,0,0,7],[3,2,8,11],[3,3,0,1],[5,2,0,1]]
16M1-16s:16:[[1,4,0,1],[7,0,0,7],[3,2,8,11],[5,0,0,1],[1,2,4,3]]
16M1-16t:16:[[1,4,0,1],[7,0,0,7],[3,2,8,11],[5,2,0,1],[3,2,4,5]]
8K1-16a:16:[[7,0,0,7],[1,8,0,1],[9,0,0,9],[3,4,4,11],[0,1,1,0],[2,3,5,6]]
8K1-16b:16:[[7,0,0,7],[1,8,0,1],[9,0,0,9],[3,4,4,11],[3,4,0,5],[2,1,1,6]]
17A1-17a:17:[[3,0,0,6],[1,0,1,1],[1,0,0,3]]
17B1-17a:17:[[2,0,0,9],[1,0,1,1],[1,0,0,3]]
17B1-17b:17:[[2,0,0,9],[1,0,1,1],[3,0,0,1]]
17C1-17a:17:[[4,0,0,13],[1,0,1,1],[1,0,0,3]]
17C1-17b:17:[[4,0,0,13],[1,0,1,1],[2,0,0,3]]
17C1-17c:17:[[4,0,0,13],[1,0,1,1],[3,0,0,1]]
17C1-17d:17:[[4,0,0,13],[1,0,1,1],[3,0,0,2]]
19A1-19a:19:[[4,7,0,5],[4,1,4,6],[2,2,0,5]]
19B1-19a:19:[[7,9,0,11],[0,8,7,1],[1,7,0,2]]
19B1-19b:19:[[7,9,0,11],[0,8,7,1],[2,2,0,5]]
19B1-19c:19:[[7,9,0,11],[0,8,7,1],[3,5,0,1]]
25A0-25a:25:[[2,2,0,13],[4,1,3,1],[2,3,0,6]]
25B0-25a:25:[[9,10,0,14],[0,7,7,2],[2,8,0,1]]
25B0-25b:25:[[9,10,0,14],[0,7,7,2],[4,1,0,7]]
27A0-27a:27:[[1,1,0,1],[2,1,9,5],[1,2,3,2]]
27A1-27a:27:[[7,9,0,4],[8,9,1,8],[2,3,0,1]]
27B1-27a:27:[[4,0,0,7],[5,6,4,5],[1,9,0,2]]
27C1-27a:27:[[8,0,0,17],[14,9,2,11],[1,3,0,5]]
27C1-27b:27:[[8,0,0,17],[14,9,2,11],[2,6,0,1]]
27C1-27c:27:[[8,0,0,17],[14,9,2,11],[5,6,0,4]]
16F0-32a:32:[[3,4,0,11],[6,3,7,9],[3,3,0,5],[0,3,1,0]]
16F0-32b:32:[[3,4,0,11],[6,3,7,9],[5,5,0,3],[0,3,1,0]]
16G0-32a:32:[[1,2,0,1],[15,0,0,15],[7,0,0,23],[3,0,8,11],[3,1,0,5],[5,2,2,5]]
32A0-32a:32:[[3,8,0,11],[5,8,0,13],[0,7,9,2],[1,4,0,5],[5,6,0,3]]
32A0-32b:32:[[3,8,0,11],[5,8,0,13],[0,7,9,2],[5,2,0,3],[5,4,0,1]]
32A0-32c:32:[[3,8,0,11],[5,8,0,13],[0,7,9,2],[7,2,0,1],[9,2,0,3]]
32A0-32d:32:[[3,8,0,11],[5,8,0,13],[0,7,9,2],[7,2,0,5],[7,4,0,3]]
8N0-32a:32:[[1,4,0,1],[15,0,0,15],[7,0,0,23],[1,0,4,1],[3,0,0,5],[2,3,1,0]]
32A1-32a:32:[[11,8,0,3],[13,8,0,5],[2,11,5,12],[1,2,0,7],[3,2,0,9]]
32A1-32b:32:[[11,8,0,3],[13,8,0,5],[2,11,5,12],[3,2,0,1],[1,10,0,7]]
32A1-32c:32:[[11,8,0,3],[13,8,0,5],[2,11,5,12],[3,2,0,1],[5,2,0,3]]
32A1-32d:32:[[11,8,0,3],[13,8,0,5],[2,11,5,12],[5,4,0,1],[1,6,0,3]]
32E1-32a:32:[[15,0,0,15],[7,16,0,23],[0,7,9,2],[1,2,0,7],[7,10,0,5]]
32E1-32b:32:[[15,0,0,15],[7,16,0,23],[0,7,9,2],[3,2,0,1],[5,4,0,1]]
32E1-32c:32:[[15,0,0,15],[7,16,0,23],[0,7,9,2],[3,6,0,5],[5,6,0,7]]
32E1-32d:32:[[15,0,0,15],[7,16,0,23],[0,7,9,2],[3,6,0,5],[7,4,0,3]]
32E1-32e:32:[[15,0,0,15],[7,16,0,23],[0,7,9,2],[5,4,0,1],[3,2,0,9]]
32E1-32f:32:[[15,0,0,15],[7,16,0,23],[0,7,9,2],[5,4,0,1],[3,6,0,5]]
32E1-32g:32:[[15,0,0,15],[7,16,0,23],[0,7,9,2],[5,6,0,7],[7,6,0,9]]
32E1-32h:32:[[15,0,0,15],[7,16,0,23],[0,7,9,2],[5,10,0,3],[7,10,0,5]]
32E1-32i:32:[[15,0,0,15],[7,16,0,23],[0,7,9,2],[7,2,0,5],[7,4,0,3]]
32E1-32j:32:[[15,0,0,15],[7,16,0,23],[0,7,9,2],[7,4,0,3],[7,6,0,9]]
32E1-32k:32:[[15,0,0,15],[7,16,0,23],[0,7,9,2],[7,6,0,1],[1,6,0,11]]
32E1-32l:32:[[15,0,0,15],[7,16,0,23],[0,7,9,2],[7,6,0,1],[3,10,0,9]]
49A1-49a:49:[[10,2,0,5],[1,1,4,5],[8,2,0,3]]
